60 20
98 62 59 74 91 54 54 90 93 96 70 78 85 87 53 61 54 71 81 58 86 68 70 88 97 65 92 80 79 61 89 93 96 97 57 78 57 68 87 82 95 55 72 54 95 81 82 94 81 67 57 98 54 63 91 62 95 60 94 67
96 63 99 76 94 98 52 71 64 90 78 79 71 83 86 76 79 68 60 65
400
37 50
27 34
10 20
6 57
4 9
12 47
3 24
13 42
32 34
9 13
29 35
22 50
8 16
6 28
13 56
8 20
31 33
7 60
32 39
6 49
15 51
20 42
23 28
10 16
20 50
14 25
18 19
35 49
47 57
40 54
13 40
41 49
12 49
17 50
21 42
11 33
12 44
9 34
5 27
12 36
15 48
33 44
2 44
3 8
15 49
6 26
33 38
3 26
12 33
2 60
9 55
15 16
35 60
28 33
20 35
23 40
13 30
2 24
24 49
1 20
22 41
4 20
20 26
42 54
44 48
39 40
18 47
44 47
2 59
8 43
1 34
23 27
20 29
14 45
20 40
14 36
36 47
18 26
5 28
23 60
4 40
3 36
11 34
32 43
8 60
46 51
8 41
23 33
31 49
4 21
51 58
10 34
1 25
6 7
12 17
21 48
19 47
15 41
2 52
15 25
41 43
12 59
12 18
13 16
7 38
8 23
7 46
20 39
16 24
24 44
17 23
22 48
5 60
6 54
8 26
37 60
21 50
48 50
4 11
12 21
3 41
37 51
1 42
13 43
23 29
10 29
20 60
18 53
1 11
5 18
17 44
41 51
10 59
19 33
5 24
7 35
36 40
43 58
36 42
26 41
4 13
47 52
27 39
13 15
12 41
24 55
49 53
17 53
9 47
16 30
5 12
2 23
25 40
21 27
32 41
16 60
15 58
13 53
15 54
43 53
19 45
3 40
2 14
6 51
1 58
39 49
36 51
13 19
17 56
20 53
12 31
13 22
8 42
9 17
44 60
16 44
41 45
9 49
6 27
34 57
41 59
2 15
3 35
1 30
3 27
7 39
4 49
25 49
23 55
33 35
40 58
29 53
2 8
34 36
21 39
5 50
1 48
5 40
22 25
43 52
8 22
19 54
16 51
4 24
10 54
47 53
11 59
40 45
37 53
16 17
6 40
48 56
33 43
29 51
26 42
1 50
25 34
27 40
24 59
19 24
5 55
9 53
31 51
19 50
22 23
24 56
24 26
9 56
21 34
15 43
1 17
5 44
5 25
27 59
15 32
24 51
23 38
33 46
13 52
19 60
34 55
2 47
28 58
7 40
9 36
12 60
30 46
50 55
7 18
38 54
11 35
13 47
7 25
25 55
32 50
17 36
3 45
11 31
17 29
43 60
39 46
19 32
16 39
46 56
16 20
6 32
22 55
8 39
57 58
25 42
10 45
8 28
12 50
52 59
7 24
29 57
1 43
9 59
38 55
7 9
39 55
20 22
15 46
34 49
9 21
2 37
15 50
36 50
12 45
46 58
13 44
32 35
20 31
17 47
2 34
23 24
39 45
5 30
13 36
1 16
35 39
45 50
11 21
23 30
4 22
7 19
7 50
40 57
43 55
19 37
29 39
44 59
2 41
2 35
42 47
1 53
41 46
10 27
39 42
17 46
34 51
17 54
53 59
34 37
16 53
13 45
16 34
4 58
5 49
41 53
12 57
15 57
9 28
9 26
51 54
7 31
24 36
36 44
20 43
38 41
40 50
4 38
39 60
14 17
13 17
18 42
10 57
20 51
27 29
6 50
51 59
13 38
25 51
6 38
37 55
19 55
12 32
36 46
12 35
45 56
24 58
18 23
13 39
55 60
37 49
26 53
14 32
5 26
16 35
9 35
6 19
27 32
22 35
7 30
31 57
2 48
12 46
45 60
12 26
10 49
26 56
3 53
2 13
16 59
21 24
16 40
4 15
5 37
37 43
3 32
40 56
29 34
4 59
13 60
6 21
35 40
43 48
4 34
13 27
14 52