200 15
79 55 58 62 56 88 52 56 66 61 96 79 68 74 94 79 64 77 90 56 72 86 58 73 87 57 64 97 66 53 83 97 57 77 82 89 97 91 67 74 76 95 67 62 95 59 83 96 89 69 62 64 89 70 98 80 89 67 71 80 59 83 78 76 87 53 53 56 59 83 79 65 82 75 88 98 89 88 99 69 60 86 70 94 71 80 79 94 77 60 68 87 82 63 53 99 79 96 80 59 63 80 63 60 54 76 62 56 73 87 90 98 56 99 98 61 53 68 93 87 58 82 94 80 75 59 78 56 53 62 94 64 81 82 61 89 79 98 97 58 67 78 85 61 77 93 90 74 52 93 84 96 86 62 60 84 58 85 86 90 99 82 81 57 86 77 75 70 55 97 91 84 74 68 84 78 88 85 66 57 63 56 99 54 98 66 98 88 93 93 91 96 52 58 70 53 92 99 84 52
73 86 87 58 86 70 93 52 90 57 75 57 84 99 68
4000
20 27
143 152
168 170
152 190
4 72
75 142
77 152
51 144
82 152
124 161
15 86
10 11
11 120
65 99
7 28
87 98
38 167
29 76
136 152
14 165
32 42
56 162
35 165
68 146
121 122
102 125
136 176
93 185
135 178
43 93
128 152
65 88
34 176
11 25
17 90
72 160
27 145
103 109
66 99
48 66
28 188
12 35
128 184
82 126
21 37
154 163
46 146
117 198
41 121
6 176
37 198
27 118
42 147
15 87
56 62
87 107
115 124
129 181
83 141
41 196
22 42
62 121
53 62
116 162
40 44
126 151
14 61
86 103
34 142
126 199
11 20
40 55
89 186
100 103
67 149
114 145
22 111
6 84
100 155
12 18
48 71
8 155
35 142
59 148
46 179
90 92
137 167
26 195
105 181
27 117
37 84
9 98
145 174
30 63
69 167
31 36
14 200
94 158
83 199
47 79
21 63
156 192
2 131
16 81
65 123
46 102
135 140
106 145
64 135
33 126
185 190
13 29
73 164
56 141
115 130
77 103
20 55
85 153
23 193
138 163
19 61
7 56
10 127
7 141
103 169
51 166
46 186
8 178
10 129
175 195
137 179
89 190
34 160
10 134
153 154
1 76
23 38
31 117
18 76
72 97
30 127
23 192
38 109
136 198
122 151
22 162
121 195
5 25
101 189
33 75
144 162
103 144
52 128
75 191
3 179
66 68
72 131
39 100
21 73
50 196
89 179
134 192
18 95
79 146
98 131
83 91
134 174
57 77
125 173
184 186
37 105
36 93
48 164
59 135
46 130
72 109
129 185
88 185
63 80
10 105
130 147
33 176
73 191
18 151
154 197
104 151
6 197
99 180
89 163
33 120
70 152
106 176
65 82
70 141
70 96
67 151
27 150
41 111
174 181
29 41
119 121
86 167
36 67
108 121
151 164
26 35
74 195
57 193
23 32
152 197
95 133
43 195
58 72
157 198
52 59
64 123
60 197
147 168
29 61
182 185
116 151
7 188
20 43
8 73
33 46
64 75
149 166
72 158
117 200
177 193
101 110
5 6
42 55
49 93
80 92
64 187
16 195
101 162
120 163
11 164
18 78
76 92
86 97
16 136
111 126
43 172
71 164
86 185
120 149
73 107
53 98
100 101
172 189
114 192
191 194
106 154
34 101
66 105
29 152
114 125
88 134
15 120
174 195
72 156
81 153
110 163
65 148
146 196
107 118
120 183
29 192
79 145
101 104
129 196
130 194
89 154
97 172
104 158
8 95
97 200
119 127
37 131
104 149
6 148
94 170
29 55
65 141
31 83
79 120
185 192
140 149
34 167
25 155
1 18
12 44
139 145
3 18
79 107
50 176
32 145
58 185
11 69
111 185
5 101
52 100
103 172
73 86
3 21
6 119
123 182
32 120
6 122
22 136
66 189
11 200
55 199
95 200
12 88
63 112
7 126
108 125
139 178
27 60
60 175
71 109
77 87
82 151
65 157
62 142
45 179
54 93
49 100
78 199
32 141
76 156
24 199
112 128
60 123
1 191
40 72
1 200
73 123
33 139
57 65
20 59
64 162
15 133
13 38
33 109
22 94
55 165
113 165
42 185
36 84
32 137
114 127
71 122
83 166
84 190
99 138
41 133
30 195
73 184
78 107
16 27
5 20
13 142
74 155
177 191
46 59
63 128
71 119
13 163
24 179
56 105
37 69
1 108
133 135
16 118
50 192
79 180
149 188
34 73
56 184
84 174
33 178
65 97
2 122
23 29
89 176
20 96
72 154
24 178
89 182
105 163
128 185
106 171
4 7
108 170
3 74
120 195
177 180
164 176
85 188
130 189
92 177
41 66
77 159
49 86
154 169
32 181
55 154
25 58
68 188
94 130
3 7
125 181
104 194
31 33
12 154
39 58
63 135
23 86
129 192
54 113
148 159
81 82
37 161
115 119
39 124
35 127
129 190
90 162
73 180
96 152
14 99
159 165
40 172
171 177
98 128
19 134
88 143
46 122
84 120
158 190
61 119
107 177
2 174
27 130
80 158
3 122
28 122
139 169
182 195
85 133
66 171
133 139
7 9
60 77
8 146
91 177
6 54
154 165
126 156
57 96
41 170
81 86
129 200
53 58
40 45
76 174
38 66
37 192
128 147
1 46
137 155
54 133
105 140
39 86
67 101
7 147
76 149
91 136
6 91
71 139
3 105
48 152
48 178
74 99
102 111
46 96
75 175
49 122
69 185
81 87
97 151
136 171
120 178
24 93
56 168
77 130
64 151
158 178
15 106
33 145
60 132
51 150
156 193
146 165
27 155
40 164
151 160
46 171
11 122
35 71
99 184
16 62
15 25
94 183
145 185
68 142
112 162
11 19
25 120
124 200
116 189
1 44
44 59
96 159
2 140
39 127
86 158
36 177
4 58
167 198
68 136
87 188
47 177
38 103
86 173
34 146
17 138
43 101
179 200
24 137
22 50
71 184
16 91
140 187
78 152
54 152
8 184
129 168
16 24
8 110
53 64
28 99
24 133
93 198
21 171
140 195
164 172
57 195
30 48
79 105
122 126
72 82
9 142
37 184
26 81
121 136
8 104
77 119
40 175
129 133
54 69
4 193
97 178
82 113
32 123
6 64
44 136
132 166
18 149
20 177
33 89
83 154
134 182
73 170
20 189
108 163
16 143
28 170
3 89
56 186
85 116
7 17
77 143
2 136
90 175
24 45
23 149
42 72
160 190
96 196
59 171
22 65
15 145
118 123
22 37
179 199
29 129
111 131
73 85
44 105
83 140
86 196
109 118
82 118
25 174
143 184
125 184
12 123
20 192
130 135
64 147
89 150
127 190
106 153
19 188
68 176
24 126
175 189
63 152
127 173
47 60
80 131
60 106
28 61
160 189
82 190
3 137
34 174
5 37
16 74
55 69
64 128
32 61
39 151
1 173
73 174
24 124
30 168
79 194
3 37
53 197
111 175
80 182
63 138
70 179
21 123
102 135
168 188
2 30
13 127
8 59
26 99
51 137
4 181
60 177
152 158
13 28
80 161
71 188
49 171
22 36
29 173
117 119
63 155
87 177
58 127
9 128
39 136
68 97
42 96
10 125
23 167
128 195
97 134
25 69
68 83
13 84
112 197
48 153
30 196
5 72
10 140
85 144
79 136
33 169
7 189
9 198
62 74
11 126
33 174
76 129
5 47
116 150
36 164
39 88
112 144
32 173
55 110
44 119
167 169
43 99
3 154
120 187
25 95
69 142
25 177
24 49
61 193
11 54
145 163
33 162
36 148
7 15
48 68
27 80
59 197
122 200
46 135
76 166
115 133
74 139
154 175
83 159
26 46
64 129
74 187
22 103
20 62
96 189
124 139
138 176
92 99
54 163
143 188
104 131
112 152
53 166
19 139
1 155
116 180
74 118
75 162
8 74
75 137
89 92
71 73
34 79
110 115
36 129
37 150
75 152
6 153
12 69
8 147
35 119
48 179
89 96
1 91
31 45
50 153
30 151
21 163
145 194
58 169
110 178
142 146
136 148
74 103
59 139
58 171
104 122
26 47
109 136
37 193
19 90
95 182
11 15
28 118
13 186
9 66
130 175
128 171
23 39
108 195
67 105
130 154
41 126
34 170
106 193
29 177
80 180
103 185
10 28
95 124
120 177
12 155
36 188
58 181
8 42
120 152
83 116
43 193
28 164
81 160
101 182
122 161
147 173
7 100
4 196
43 156
11 174
24 122
36 61
70 156
28 91
77 193
31 84
42 194
10 113
16 39
151 154
5 160
15 26
65 197
48 50
59 161
124 162
151 172
156 185
5 98
5 93
153 174
111 193
66 139
128 172
12 178
143 186
29 37
124 194
124 167
39 153
85 162
48 57
148 151
66 155
10 150
99 188
37 183
116 173
65 162
132 172
88 90
127 163
121 187
60 109
51 70
5 146
89 141
23 49
63 180
74 162
110 164
31 143
41 71
24 77
76 181
25 157
169 179
7 167
71 113
167 195
35 100
11 21
28 174
32 55
47 139
27 36
88 181
15 134
92 158
22 193
34 177
13 60
104 193
77 83
142 165
93 162
48 90
141 167
21 120
71 185
77 155
94 156
136 184
129 132
129 147
130 169
27 119
93 174
73 153
105 150
36 135
21 91
87 165
9 144
3 191
170 179
129 178
48 64
18 46
66 130
24 173
94 200
92 173
4 154
68 109
76 199
22 113
109 188
107 194
11 56
59 61
38 172
138 160
69 101
106 112
35 132
57 117
102 106
55 116
157 196
48 122
20 183
5 103
27 192
10 160
20 163
95 130
1 176
29 86
14 187
20 97
17 71
22 146
5 19
77 138
177 190
36 96
70 138
78 133
118 162
93 107
68 107
77 150
175 180
12 67
65 111
141 164
4 29
115 174
51 190
167 191
90 198
90 105
85 143
33 108
54 161
18 119
73 187
90 136
26 41
38 55
87 156
18 194
57 66
76 193
105 142
6 90
165 170
63 107
62 119
17 192
13 155
72 127
115 185
10 49
46 145
31 41
40 178
53 158
118 124
22 158
50 87
95 162
36 75
41 78
11 139
55 168
61 136
172 190
23 62
109 168
37 189
93 197
137 145
116 156
47 115
18 125
139 191
45 147
76 141
94 185
168 171
105 190
42 197
107 192
37 106
32 171
161 188
54 82
88 163
37 166
21 31
70 90
44 157
81 182
58 70
51 88
61 177
80 196
50 76
1 62
55 112
38 147
109 200
39 105
132 177
136 192
33 83
157 180
50 165
14 56
62 186
22 200
41 185
156 168
13 101
137 177
11 38
113 122
10 149
117 141
110 136
143 185
47 175
63 173
24 40
15 23
19 127
34 186
11 13
34 38
111 140
78 174
117 172
3 22
54 145
95 175
26 145
15 151
84 178
87 113
66 70
62 178
62 65
158 185
74 91
127 162
51 84
68 147
153 186
29 77
11 55
57 158
93 131
66 104
92 145
63 165
54 168
61 162
4 104
76 81
143 180
22 135
7 53
103 131
166 168
105 107
23 48
79 91
70 142
188 198
79 82
24 187
105 189
111 166
72 155
172 199
51 136
32 92
150 173
142 156
114 191
16 116
134 142
13 157
110 170
124 132
174 199
166 188
81 131
6 100
35 144
8 124
15 31
60 168
37 199
22 33
79 93
110 150
137 164
35 130
116 137
89 159
33 149
21 24
130 150
74 196
52 112
42 187
55 119
2 130
58 192
73 125
101 157
88 165
8 93
119 155
38 108
33 113
122 182
90 113
160 171
66 140
27 51
109 115
101 156
87 166
122 145
96 100
66 150
103 116
31 99
4 119
120 158
49 145
49 101
77 128
74 181
31 162
83 184
2 36
30 164
134 170
89 109
171 182
42 124
156 198
43 148
121 134
50 147
24 80
9 177
49 123
42 110
103 200
132 137
167 194
139 197
52 123
120 160
30 141
73 87
31 164
65 192
88 150
46 82
85 167
14 160
49 197
163 193
52 77
70 186
187 195
84 184
46 86
140 167
73 99
57 112
2 138
37 182
69 140
32 95
40 170
138 146
147 160
28 65
45 192
18 173
71 160
125 198
24 163
112 145
18 177
82 123
12 109
56 68
51 92
35 183
31 130
88 99
17 23
5 10
83 172
131 173
163 176
170 173
49 176
2 74
3 94
145 175
42 70
9 79
26 177
99 128
38 77
38 68
140 189
6 186
32 74
100 127
84 126
87 117
89 133
74 135
9 86
128 135
21 33
34 41
93 95
86 93
19 189
77 170
69 193
152 175
85 94
107 200
102 126
12 14
154 160
42 101
174 177
143 173
48 197
180 182
159 197
108 118
8 81
104 172
43 127
11 119
2 200
134 193
117 183
74 152
70 76
60 199
55 176
120 137
96 188
14 195
5 86
28 113
125 137
181 184
124 168
26 87
60 114
36 110
155 185
52 69
42 177
100 159
111 130
73 200
38 183
71 98
172 177
20 114
131 146
23 26
2 50
76 146
13 185
31 167
23 172
44 49
141 193
81 167
20 52
8 96
57 197
77 171
8 102
9 57
119 194
124 178
134 144
38 83
92 167
27 85
84 188
8 181
50 65
19 148
109 195
4 57
73 82
16 119
75 182
81 168
63 169
29 49
116 123
3 163
55 74
40 159
72 171
7 163
43 98
21 72
92 193
1 27
74 107
22 138
49 164
12 116
55 152
9 12
91 126
115 129
23 64
176 195
3 118
143 149
76 142
7 64
35 125
129 188
28 59
106 198
54 85
53 136
140 151
71 154
8 112
40 76
33 133
25 63
44 191
12 34
119 124
43 132
38 44
9 137
43 59
129 161
49 91
5 89
54 184
2 37
47 76
12 161
29 62
16 134
167 178
10 44
13 75
162 183
47 98
2 172
36 171
74 143
77 169
11 24
44 147
131 170
62 101
115 143
113 128
57 91
145 167
48 173
88 177
21 152
83 96
24 194
168 196
37 87
92 184
16 98
99 151
110 144
16 135
128 169
8 115
95 110
136 178
45 188
52 191
11 152
40 70
40 104
12 149
17 191
86 192
91 155
97 108
78 144
63 192
90 98
131 191
10 112
116 177
35 181
57 134
130 188
54 65
57 198
27 158
88 183
62 147
97 199
88 131
77 145
76 175
50 89
47 99
34 150
75 125
77 199
32 63
36 125
49 85
22 184
18 87
80 115
11 27
55 113
26 62
93 137
117 134
118 192
155 179
36 200
72 110
61 167
17 120
55 132
93 133
73 132
59 105
2 104
12 68
174 196
62 83
105 122
22 45
91 99
59 189
173 195
39 68
21 39
56 196
5 82
133 136
125 159
10 135
75 164
147 176
116 199
109 113
67 152
108 159
11 78
185 197
18 169
98 138
123 165
31 105
117 185
66 82
20 56
3 109
38 64
8 168
13 21
19 130
22 189
4 30
84 100
22 91
89 172
27 78
88 193
56 181
92 100
45 93
11 67
101 148
144 164
26 147
126 131
106 134
159 194
16 109
59 145
45 139
64 109
152 157
3 147
116 183
76 198
24 127
77 107
15 41
120 150
184 200
38 116
17 24
13 117
118 156
10 74
10 83
107 140
43 122
47 191
10 199
20 146
72 182
164 193
116 176
71 126
87 139
23 40
72 148
140 188
11 14
92 147
76 187
43 76
59 109
59 194
129 186
77 142
14 104
10 185
55 91
7 132
1 11
37 38
161 200
89 200
105 186
70 153
5 32
38 72
91 141
3 66
58 186
33 138
46 87
17 104
46 120
18 123
91 167
41 96
70 135
48 125
85 149
89 104
32 158
80 149
122 192
62 80
5 84
68 151
38 174
22 86
18 90
105 164
74 168
47 144
65 109
93 200
9 29
51 187
130 174
19 190
26 157
124 142
44 63
6 71
11 95
91 169
37 175
149 171
77 126
96 137
26 61
171 187
33 127
115 199
64 115
19 96
157 164
41 56
21 45
33 92
5 43
182 194
13 35
62 136
123 162
37 83
60 65
50 183
91 105
103 194
159 168
8 118
141 163
56 160
35 121
48 175
2 189
109 198
24 97
53 75
101 193
1 54
87 176
67 70
21 70
11 168
105 143
104 179
106 156
68 195
20 40
68 165
62 129
10 130
52 70
13 82
106 157
22 64
8 143
25 42
122 135
30 85
22 174
63 185
106 184
104 192
86 106
6 126
106 136
15 198
28 138
1 98
60 191
27 81
53 123
112 182
79 196
30 81
94 188
2 106
25 50
110 112
53 141
11 63
60 93
45 60
26 174
8 198
34 152
34 198
156 197
27 188
26 40
5 188
49 157
70 149
48 199
11 94
21 113
27 53
173 190
5 172
28 49
61 73
74 75
46 174
16 70
39 142
198 199
67 148
56 75
92 183
63 96
76 180
167 175
41 115
67 94
30 191
15 28
69 187
139 151
24 43
8 99
92 198
118 184
44 123
120 157
45 94
154 199
21 141
19 142
58 164
90 179
15 156
10 152
54 164
120 148
28 105
14 93
131 167
10 70
46 78
45 134
54 185
74 157
8 173
126 170
15 85
36 64
4 65
80 132
103 199
114 138
101 135
6 39
6 46
7 60
96 177
98 182
52 113
44 117
38 63
70 193
48 148
25 37
30 134
188 193
144 149
16 189
52 78
107 168
96 136
4 63
169 193
26 67
42 186
17 97
100 122
11 107
25 123
52 179
41 188
123 184
120 197
109 150
12 101
18 122
7 165
17 47
9 24
50 124
4 157
57 97
45 130
72 83
100 135
118 126
45 81
6 124
53 95
87 131
111 149
16 75
67 133
107 153
100 190
49 137
49 138
28 131
119 165
8 141
22 118
66 95
37 132
29 170
105 131
48 52
138 157
53 200
75 197
112 192
18 77
56 111
103 138
155 169
12 174
133 165
16 145
71 129
54 70
83 126
159 198
77 165
12 107
12 119
55 106
152 188
43 171
28 121
46 142
40 128
157 184
47 186
16 30
111 178
90 115
15 195
24 71
49 120
148 156
83 173
10 86
39 63
107 124
134 166
7 119
65 156
76 82
24 191
83 200
51 69
121 164
61 144
17 182
157 162
8 109
36 139
26 159
162 177
35 195
44 60
92 108
6 182
155 180
38 144
61 195
102 105
107 183
45 161
44 189
29 147
101 172
68 81
47 134
96 158
65 113
180 183
97 188
28 82
54 193
40 53
12 138
87 110
44 159
34 131
29 175
23 184
79 151
17 69
69 75
55 190
46 134
42 74
33 42
59 176
63 196
10 141
4 70
140 154
64 143
131 196
107 144
89 97
74 144
33 51
76 173
15 104
44 74
46 197
10 154
114 156
70 106
183 193
101 195
46 185
139 200
8 170
147 178
11 172
68 154
25 60
155 199
1 110
55 127
66 102
130 140
160 164
34 114
8 79
143 165
27 116
23 35
94 109
47 176
73 110
25 133
58 159
11 29
10 61
11 105
55 98
10 51
7 178
1 68
2 186
132 141
97 180
111 148
113 137
67 136
84 93
19 28
125 142
125 169
62 77
51 83
145 190
21 154
3 5
71 176
62 158
143 170
71 190
17 82
17 62
35 137
41 172
22 41
62 162
5 62
72 175
50 161
146 170
75 180
120 166
2 15
26 141
13 57
16 148
42 118
126 128
31 193
84 94
21 199
88 115
84 192
19 83
86 114
18 145
124 195
77 153
20 111
165 195
19 132
131 197
117 143
111 176
154 159
34 179
70 181
77 190
15 180
19 87
120 159
25 65
20 33
104 186
18 157
47 71
8 152
84 102
31 72
149 154
48 104
38 187
62 152
43 83
103 142
73 133
4 115
67 68
4 105
111 113
114 181
141 188
40 179
82 143
39 101
26 39
118 169
12 108
143 151
64 181
134 150
153 161
178 188
94 107
76 186
139 188
109 129
99 125
31 147
58 191
8 92
177 188
165 181
12 62
7 88
62 84
189 194
37 118
147 171
61 153
148 186
64 99
87 95
3 56
189 191
84 130
49 151
133 150
14 147
122 188
29 112
81 161
128 199
14 189
25 126
52 186
60 156
18 166
29 44
98 109
41 139
143 177
109 167
145 176
125 162
96 181
107 123
144 184
151 153
1 4
89 140
90 121
162 171
10 93
38 149
1 87
50 151
72 98
64 184
151 152
145 169
39 171
32 152
1 126
107 146
5 100
83 112
18 24
13 22
1 187
30 190
7 38
52 194
56 94
10 145
4 35
115 120
2 139
110 176
84 109
82 101
80 186
31 58
112 133
163 173
44 171
124 196
3 38
9 174
161 190
6 55
125 132
80 170
87 153
174 180
103 124
56 57
38 100
104 198
71 135
83 89
56 95
100 185
3 32
152 161
41 117
1 56
64 65
131 148
23 176
29 121
31 43
127 141
47 117
130 153
16 127
25 85
90 97
7 158
124 138
78 114
106 185
102 157
34 122
112 154
75 157
111 137
137 176
68 148
129 134
63 158
9 156
166 180
29 70
65 198
107 156
16 198
14 57
35 188
37 179
117 184
43 114
148 168
107 126
98 191
1 39
38 112
74 115
69 156
54 130
38 93
160 187
49 130
156 158
61 161
8 139
32 193
37 162
92 94
5 9
137 169
17 37
135 137
61 168
59 113
12 94
13 122
63 162
74 112
47 148
64 173
70 124
57 76
46 200
67 147
38 105
76 117
98 146
80 195
15 79
19 123
35 84
1 88
93 125
26 103
52 176
99 129
29 57
182 200
2 150
55 191
26 109
113 129
24 148
24 141
21 170
69 134
21 79
61 139
9 56
4 110
1 25
59 87
27 168
2 85
117 167
50 52
117 144
49 76
133 169
79 101
77 186
140 197
47 192
1 194
136 167
24 37
20 88
2 79
39 111
106 132
122 165
51 90
24 190
120 199
47 96
89 180
75 82
117 175
26 138
124 188
38 153
15 160
6 198
44 84
88 164
103 140
76 165
104 138
58 137
8 189
152 172
45 140
60 144
46 98
4 167
176 185
85 110
6 103
14 118
94 199
68 105
73 199
33 152
171 174
148 160
44 185
51 82
92 178
4 152
71 196
61 194
57 85
47 196
79 156
84 117
54 115
71 75
50 156
44 83
48 92
103 188
4 21
13 18
12 147
18 138
104 159
85 134
63 78
30 124
111 135
68 134
1 148
36 127
99 124
19 85
6 110
56 189
47 169
69 125
5 80
11 108
16 67
58 90
92 160
44 81
20 113
49 139
117 148
111 192
110 126
101 143
190 195
114 166
47 93
33 180
2 51
103 161
53 70
65 93
123 190
58 170
145 191
89 174
125 152
81 102
80 99
35 173
41 86
8 87
77 173
73 129
57 170
38 114
28 140
19 170
26 88
114 172
100 150
15 17
133 144
79 88
94 108
178 198
119 137
79 123
147 193
48 80
33 64
59 155
1 103
33 199
101 102
1 115
23 68
34 68
112 129
42 129
20 68
60 112
119 150
14 65
77 174
3 20
159 187
23 58
85 99
86 186
21 147
43 92
34 164
42 173
1 23
21 88
61 103
15 124
134 172
28 30
109 161
124 169
11 100
85 150
63 194
75 113
142 166
73 81
9 77
23 171
96 167
63 127
37 39
40 194
45 144
34 195
45 150
32 148
1 33
49 161
59 100
17 84
42 132
7 128
25 195
106 127
95 115
4 67
26 50
31 175
94 104
54 166
77 117
7 41
57 160
169 177
16 184
117 181
102 147
18 99
32 135
110 141
64 121
118 199
50 92
68 140
73 182
125 199
9 155
37 170
98 145
115 191
57 86
115 193
79 171
19 31
99 185
63 134
121 135
116 166
112 194
58 173
63 109
95 154
138 191
169 186
18 113
17 30
74 125
5 194
71 120
90 103
144 196
69 74
37 140
84 166
133 180
1 157
24 25
139 184
85 154
91 148
54 112
40 189
25 192
50 136
64 67
162 173
1 165
7 78
136 149
27 37
61 98
4 173
12 86
176 197
28 200
47 113
80 171
34 199
110 198
68 91
11 34
71 138
95 139
92 197
92 186
6 14
110 161
14 66
82 200
16 60
37 72
3 128
19 81
20 30
158 200
68 79
87 111
13 128
16 153
30 42
76 153
144 187
147 156
104 134
149 163
152 189
64 82
123 132
128 197
13 187
38 65
42 90
79 106
12 120
59 164
105 195
25 131
23 55
113 183
40 182
70 104
68 189
9 47
124 182
20 51
134 186
120 133
178 192
13 109
74 188
16 179
49 194
9 67
10 91
138 158
2 143
65 176
26 197
72 183
129 194
44 79
7 170
127 187
5 134
14 15
98 194
77 188
99 179
89 143
106 192
17 199
23 154
44 190
160 181
47 48
24 30
53 63
58 188
82 177
78 190
14 127
78 195
15 188
66 181
128 166
100 196
139 156
22 106
133 167
50 188
57 118
78 109
106 137
125 194
25 190
115 183
72 139
33 90
171 192
118 154
28 136
105 155
80 166
5 60
81 120
182 190
43 139
17 169
90 189
41 187
55 99
96 165
38 195
79 134
43 185
12 80
36 53
82 162
118 119
25 134
2 134
15 44
12 199
156 200
102 134
5 64
168 191
139 140
129 145
31 139
49 50
74 119
62 102
67 93
74 116
21 36
99 143
71 165
143 171
3 192
92 126
3 150
97 123
15 101
95 123
62 127
57 108
43 87
33 177
16 104
83 103
25 66
38 166
3 183
120 130
46 88
78 186
95 172
12 184
26 175
61 188
46 112
112 124
6 154
100 186
45 176
26 95
121 200
41 122
19 68
82 92
48 102
122 146
17 57
27 82
91 111
68 162
79 109
112 168
59 138
163 192
117 197
173 184
153 176
6 187
3 108
93 184
51 122
100 128
52 64
110 133
126 189
19 105
55 171
70 131
101 177
6 47
162 199
45 53
34 76
32 194
37 141
154 167
70 118
124 199
13 107
128 163
150 192
36 69
69 174
12 151
141 160
37 174
160 184
37 71
70 87
158 181
44 112
83 132
58 182
46 119
53 117
3 64
108 160
70 110
4 143
90 197
48 182
16 63
40 141
105 108
17 112
144 192
10 82
23 94
42 68
106 129
34 191
65 196
19 82
10 52
32 60
85 115
172 195
104 183
25 144
58 148
73 156
9 119
20 169
12 176
22 52
58 150
193 200
130 156
49 65
56 173
80 168
69 176
7 97
63 75
18 112
17 145
121 131
58 73
97 105
14 100
16 170
44 101
125 134
31 153
169 188
46 63
6 169
3 139
116 175
9 97
54 143
113 187
38 181
75 132
20 82
26 63
48 154
30 163
18 152
11 42
18 180
107 129
99 153
70 172
50 173
143 145
48 109
54 176
6 139
101 174
75 160
76 151
83 144
7 159
50 145
94 186
5 81
116 117
87 195
10 175
106 189
9 170
14 58
23 190
111 158
67 193
12 16
145 161
79 112
66 148
18 165
4 62
35 178
147 189
16 133
62 181
12 195
15 117
83 164
17 198
117 121
75 178
25 82
78 177
20 37
96 119
45 143
81 147
67 76
11 191
156 194
51 182
64 93
2 137
84 150
79 191
8 137
160 175
67 115
153 182
56 96
96 141
115 144
101 192
44 195
99 127
91 96
21 118
134 155
10 191
31 53
28 195
59 70
39 55
72 125
113 121
35 38
5 147
13 64
104 120
73 138
71 197
117 163
68 187
49 144
81 98
40 112
16 49
58 179
69 88
24 95
19 49
36 116
134 151
167 192
100 154
136 195
122 144
36 52
63 114
20 128
73 183
59 83
138 181
105 119
11 68
86 142
142 152
47 110
159 181
52 197
50 160
15 116
114 194
103 150
20 149
7 115
93 139
68 179
98 115
4 47
102 175
178 185
29 136
131 186
140 169
146 167
34 112
52 83
11 18
18 161
124 176
8 157
27 99
91 165
57 94
78 178
122 172
90 126
57 101
31 188
99 131
7 180
88 102
3 46
61 90
7 197
90 93
42 167
125 133
81 127
80 191
47 167
89 99
35 41
27 39
164 196
114 124
45 55
68 117
35 105
61 85
86 191
81 148
72 114
35 112
73 113
110 159
19 20
104 107
45 145
109 181
129 162
27 55
92 107
39 196
6 95
81 143
37 169
44 54
35 139
40 68
22 157
101 180
26 186
27 177
16 100
75 87
54 121
170 198
60 102
5 34
118 173
11 97
33 196
7 175
57 74
162 197
53 109
78 121
102 158
22 161
37 100
91 150
9 41
63 83
105 179
136 158
138 147
98 129
37 79
112 196
61 133
74 199
11 89
37 74
100 177
69 118
18 185
18 146
76 97
140 171
43 141
71 199
50 157
64 92
175 183
119 189
6 120
16 86
54 131
142 144
76 96
181 195
8 176
58 131
62 100
116 141
108 153
17 26
13 126
5 135
46 101
6 16
58 177
119 140
3 123
3 27
87 154
37 78
120 121
21 62
129 135
50 164
15 54
30 64
40 177
156 173
31 69
92 172
119 163
93 181
23 125
52 167
3 11
94 198
40 102
57 89
53 106
33 59
99 181
70 171
149 156
88 106
141 159
110 179
108 149
89 161
11 177
87 112
127 166
62 109
49 54
64 91
75 186
9 117
180 189
103 143
149 190
2 135
64 178
60 170
140 165
35 166
50 170
35 51
145 187
27 147
73 91
26 171
6 22
118 196
50 193
108 189
9 120
5 150
118 186
108 166
61 175
66 97
142 160
102 192
52 108
14 31
42 178
31 59
33 60
18 79
32 162
15 127
44 48
169 195
2 38
106 160
113 143
56 71
168 175
35 126
26 146
38 131
159 170
149 173
89 134
129 144
9 105
85 176
42 59
30 130
16 64
25 200
83 150
58 107
121 146
74 169
153 188
21 132
24 107
88 170
80 129
50 79
86 99
6 38
93 108
131 161
117 118
48 120
114 175
23 76
103 111
69 93
78 125
13 149
96 111
44 61
50 113
171 173
60 73
53 179
41 73
120 139
61 199
18 147
31 91
85 174
117 153
5 191
29 95
118 168
13 145
4 168
166 197
3 112
38 145
146 153
12 188
154 164
96 108
120 131
74 76
58 194
71 171
125 171
48 144
15 59
82 178
103 173
122 140
127 148
2 3
184 194
106 115
9 73
166 189
41 85
110 155
141 161
129 143
84 141
129 195
36 174
72 128
79 95
91 189
15 131
4 76
70 127
161 197
111 191
11 49
149 189
61 121
39 149
96 103
48 200
119 190
56 136
107 166
101 123
72 193
106 162
57 80
103 157
1 51
68 178
33 156
49 113
109 139
131 176
17 95
8 57
28 183
34 124
2 33
107 159
34 188
131 153
60 110
41 142
128 149
183 188
135 182
103 159
64 108
20 131
90 120
25 121
117 169
10 176
166 182
102 122
65 115
99 171
62 150
45 125
96 134
126 137
67 153
5 70
62 200
56 92
132 134
86 146
140 194
108 116
99 156
21 80
88 198
30 31
26 115
1 49
43 119
6 76
11 41
134 171
126 145
55 187
3 197
59 160
85 187
164 165
123 161
124 177
27 170
53 178
58 95
100 171
195 197
174 200
22 149
134 139
24 38
66 86
24 68
108 155
16 115
89 102
141 171
31 76
65 135
86 108
43 197
35 108
63 70
40 93
63 189
1 2
110 172
97 138
87 161
51 95
1 32
124 125
15 123
104 178
122 149
108 148
33 197
6 116
98 116
34 53
3 19
38 49
142 149
62 69
100 111
1 74
8 100
88 123
112 150
2 9
59 190
102 139
17 164
64 103
83 127
138 142
126 143
77 100
44 45
58 129
169 192
44 177
150 187
25 97
52 141
99 197
68 174
57 163
71 82
141 181
185 195
108 172
103 181
10 157
65 69
44 50
48 135
63 129
12 97
51 181
154 180
106 187
35 78
10 72
13 48
102 140
6 18
9 33
18 126
18 48
89 106
5 79
38 120
14 51
106 138
45 66
43 54
85 151
47 171
28 149
137 140
97 111
54 101
100 191
78 168
107 133
27 101
138 178
131 182
125 139
85 171
65 78
7 192
85 166
80 147
12 177
163 171
138 151
8 70
19 26
51 111
70 107
171 172
27 110
36 170
62 89
88 175
117 125
55 63
26 55
56 140
87 171
33 168
25 110
8 46
34 37
1 138
81 159
95 129
58 119
131 195
9 182
112 176
52 198
2 34
66 141
28 108
140 172
127 169
23 185
74 120
22 87
69 182
25 68
12 64
18 156
5 116
180 197
44 130
4 126
30 135
147 200
44 100
120 184
54 91
60 94
33 79
14 55
25 41
38 158
71 147
59 128
58 75
75 123
113 135
140 185
3 158
15 20
43 103
18 127
47 92
167 176
50 197
45 164
116 127
111 127
46 170
28 198
122 132
103 125
36 104
114 149
148 191
27 148
45 115
92 130
61 181
40 79
20 115
64 165
166 187
39 116
42 119
53 77
116 163
18 35
6 137
6 112
65 146
99 173
119 141
52 137
26 154
144 173
61 110
116 146
44 133
74 172
55 151
164 187
32 104
30 99
150 165
56 149
45 146
106 122
94 152
41 164
42 141
45 61
158 195
85 175
141 170
17 109
150 157
87 115
57 113
145 184
39 164
103 132
15 40
87 189
24 91
28 86
28 92
15 38
126 132
41 53
80 176
125 129
38 175
53 188
61 69
43 55
175 200
46 100
193 195
20 57
36 113
24 185
66 128
22 169
84 145
70 116
22 131
22 115
73 181
127 189
61 67
101 128
13 146
65 105
119 169
155 183
90 114
11 133
12 180
32 89
190 192
27 123
68 144
129 141
8 34
73 93
108 154
38 143
161 182
155 186
72 180
62 123
24 28
12 133
25 115
106 161
63 116
17 107
12 172
89 197
43 126
80 156
21 130
36 115
92 98
56 104
23 141
41 120
49 105
40 59
32 70
163 164
116 149
50 177
30 106
96 116
93 144
145 166
53 168
70 115
16 55
33 114
133 164
100 180
5 105
27 138
4 81
49 177
81 190
46 168
159 171
1 42
91 98
34 155
106 117
141 150
11 32
55 76
99 113
17 163
36 97
16 154
86 123
89 114
66 153
13 196
109 122
25 140
47 63
161 195
93 124
52 163
44 95
99 174
145 196
135 143
14 167
57 143
102 129
73 78
92 135
52 183
119 148
81 174
18 42
8 31
43 85
174 189
10 88
49 168
98 154
82 127
52 107
97 176
109 172
79 133
144 182
66 103
99 117
149 172
6 56
54 196
179 188
23 67
9 15
104 145
24 60
33 153
1 78
12 165
49 132
23 134
43 170
28 54
35 129
122 198
91 195
52 169
40 190
51 98
5 128
46 76
34 82
90 124
106 113
28 102
88 129
2 43
135 174
3 67
53 103
13 147
12 153
65 72
189 199
31 78
15 19
105 123
68 128
88 148
24 63
67 183
96 99
105 151
56 122
63 170
11 134
67 140
81 91
12 100
15 164
40 88
20 196
44 93
182 196
19 64
16 141
102 138
50 127
174 176
25 149
103 180
17 31
86 184
42 48
128 165
9 74
144 185
96 145
61 88
70 151
101 122
7 171
78 151
69 145
41 51
14 115
54 73
21 83
43 49
65 140
35 192
38 169
68 76
7 76
107 145
15 175
9 168
29 184
35 55
108 157
64 171
13 160
29 190
120 127
29 178
33 104
58 146
154 162
117 173
106 109
172 176
47 81
140 143
108 156
145 146
65 117
109 119
27 67
32 146
142 148
18 184
102 119
14 185
112 139
8 177
29 122
2 118
58 130
83 146
31 92
78 176
129 182
144 153
75 120
22 105
8 82
39 123
61 143
115 152
19 197
68 138
40 49
82 83
11 146
44 75
7 142
96 192
76 89
30 79
28 123
43 72
44 127
82 168
10 25
59 193
92 182
132 197
3 44
131 132
82 108
82 119
3 88
81 193
22 74
91 118
157 200
137 183
93 127
102 170
63 186
114 169
78 169
112 185
100 184
170 171
63 122
28 166
1 72
41 99
20 140
86 190
35 191
16 186
38 52
43 118
10 32
109 197
29 128
4 51
86 199
20 126
95 145
71 111
135 175
152 164
59 119
99 196
131 181
10 30
24 35
76 155
109 182
83 121
9 34
33 194
5 71
29 101
44 163
22 132
28 124
14 142
102 146
17 60
76 150
168 183
89 165
12 132
47 174
113 118
70 129
117 162
192 197
10 101
3 169
24 156
33 189
1 141
104 144
29 52
47 194
4 55
141 187
8 88
51 197
152 173
125 175
11 197
38 60
7 191
171 198
41 146
48 185
43 110
88 186
56 158
37 77
37 195
83 147
37 160
119 193
12 37
11 48
71 170
5 156
47 61
20 98
131 152
4 39
53 84
74 140
157 182
71 158
160 163
178 190
72 122
136 160
71 123
43 84
4 116
60 64
155 196
69 184
109 112
132 192
8 126
15 96
161 198
127 179
22 192
65 122
48 194
106 124
16 150
18 52
149 161
61 184
67 168
17 117
179 187
118 125
39 59
127 147
105 198
44 131
140 162
15 29
163 178
12 81
67 121
32 124
14 171
13 174
83 185
31 123
104 114
57 146
126 141
