70 30
71 67 65 68 91 82 78 81 90 87 61 69 73 54 66 84 60 74 78 65 54 61 89 61 90 70 53 76 54 61 87 71 72 91 87 71 84 77 61 53 54 83 75 60 94 86 75 77 82 53 62 74 90 75 58 78 79 59 75 81 70 82 69 90 78 85 55 79 88 60
75 87 55 91 61 83 87 86 87 66 91 53 80 69 56 57 78 81 80 56 74 78 81 94 76 78 85 85 89 89
500
29 53
40 42
1 27
4 17
14 45
23 42
15 60
8 13
11 61
19 37
54 58
13 56
10 31
2 13
14 23
23 53
50 56
1 67
15 65
8 45
14 19
14 24
17 46
16 62
20 55
12 66
34 51
44 45
11 56
21 44
44 68
8 51
11 25
55 59
4 34
4 40
16 59
45 63
14 52
10 42
17 54
12 33
20 51
53 60
35 39
12 57
64 67
13 24
22 25
32 47
18 38
13 29
14 18
18 51
29 58
27 48
7 13
26 63
18 40
24 35
3 48
41 51
11 45
12 17
7 50
24 61
9 26
7 37
4 9
53 62
58 60
27 69
18 64
31 64
14 38
24 62
10 25
21 43
44 61
9 36
4 63
23 36
20 32
2 49
3 5
4 38
30 52
9 61
21 24
3 70
11 48
22 32
12 49
50 68
30 48
26 47
11 36
23 57
37 55
21 41
25 67
39 62
17 69
8 37
22 40
10 59
34 66
18 61
48 49
42 57
18 20
29 52
17 29
10 23
25 69
61 63
1 15
28 34
34 50
7 48
5 42
36 70
24 64
34 40
32 54
6 12
19 48
3 39
48 55
26 40
19 42
11 52
28 44
37 39
36 58
22 31
20 64
45 53
29 69
5 44
26 31
16 61
7 56
15 41
17 38
13 49
3 22
22 64
26 64
3 11
24 69
31 38
38 39
14 70
21 57
66 70
11 63
6 31
11 69
20 39
23 60
10 13
14 53
4 16
31 34
26 59
3 53
23 35
21 48
64 70
4 62
58 66
55 60
4 24
7 66
37 70
40 62
33 46
62 68
37 66
22 54
2 14
49 69
2 3
49 57
12 40
11 27
38 65
5 14
26 67
26 46
20 26
6 25
6 49
24 68
2 70
32 37
12 65
20 31
24 39
24 46
5 41
3 62
2 12
4 30
50 70
13 70
61 62
7 61
29 39
26 54
8 30
30 46
25 57
46 48
2 62
25 44
2 6
11 35
20 24
32 45
5 11
14 39
18 29
1 63
20 25
41 62
21 56
25 41
39 46
36 38
10 70
5 58
30 62
23 66
20 65
39 50
9 16
66 67
6 70
9 46
45 69
3 16
49 59
33 41
50 55
34 58
18 55
63 65
1 38
49 60
28 56
12 61
11 68
11 53
13 67
19 44
17 40
46 66
5 50
5 15
35 66
37 45
7 31
42 63
32 67
32 65
1 46
22 56
21 69
24 26
3 8
1 64
59 68
34 36
43 54
8 66
39 58
28 45
45 64
14 63
32 46
3 66
30 42
30 40
38 40
25 66
27 43
5 16
46 49
31 63
52 60
15 29
14 46
7 35
10 11
26 66
27 38
1 25
67 69
6 20
3 42
39 41
25 68
42 64
46 55
4 50
44 55
52 59
10 16
37 63
3 64
10 44
6 8
26 55
9 59
12 62
50 64
23 67
4 22
7 55
29 42
16 32
47 51
10 49
52 54
45 52
6 46
3 68
44 48
55 58
5 36
25 61
19 39
31 35
48 50
9 67
50 69
62 65
9 35
24 52
5 53
53 67
27 42
46 53
11 47
60 67
36 48
47 69
43 66
48 69
25 33
14 16
22 62
23 39
12 48
21 65
49 62
13 32
14 56
10 51
34 56
53 57
30 55
7 45
26 38
42 62
10 19
12 14
2 36
10 52
8 41
40 58
4 37
2 56
15 40
15 34
35 42
29 60
19 40
8 36
3 65
21 64
18 50
44 54
22 66
8 54
6 66
6 24
2 43
18 60
4 26
1 62
7 8
13 18
1 20
57 58
41 65
19 24
13 54
32 50
43 68
3 21
4 29
36 45
21 26
58 69
32 41
14 29
12 34
14 22
44 60
20 27
1 50
30 45
38 67
57 66
21 59
3 20
26 41
60 66
33 52
43 62
27 54
45 59
28 59
45 66
20 60
37 60
11 13
29 67
25 39
56 63
22 33
38 50
13 40
42 60
1 3
21 46
37 69
41 52
24 70
38 59
3 23
27 49
16 19
30 65
42 61
20 56
37 53
27 66
25 38
40 45
4 23
7 70
36 43
33 70
45 57
13 15
21 23
33 60
28 52
32 63
30 34
49 63
24 49
5 33
31 61
16 52
3 52
16 46
30 61
15 67
44 51
14 28
4 20
2 46
20 48
11 24
32 51
44 59
48 53
7 53
11 37
12 43
49 53
52 68
27 64
1 16
7 57
7 19
7 27
10 69
6 14
15 62
51 61
32 68
57 62
35 68
13 21