100 20
59 88 89 98 64 82 71 58 69 64 85 84 56 94 54 88 61 75 93 54 96 72 94 86 94 56 56 61 77 95 78 95 53 53 99 98 69 53 76 96 71 95 54 83 79 57 87 61 89 79 83 51 85 87 80 97 74 56 51 69 83 97 91 84 79 91 63 65 74 77 63 59 87 93 98 76 88 70 77 95 51 57 88 85 67 100 92 53 69 60 63 54 68 75 77 52 98 92 59 92
53 92 87 55 55 88 98 92 77 100 84 59 71 62 52 86 59 51 61 68
1000
23 30
74 97
35 40
36 84
28 45
1 42
25 82
36 67
43 45
47 95
22 35
22 88
15 20
52 60
9 90
29 65
4 89
2 76
45 71
63 92
29 42
33 42
42 82
56 88
26 85
26 74
60 97
60 87
43 92
24 85
19 54
48 58
75 96
32 53
3 4
35 44
37 81
23 99
45 81
27 52
41 95
30 83
32 72
46 74
2 12
10 66
20 91
18 31
3 44
85 90
8 73
10 94
7 22
3 7
9 93
19 93
26 81
52 85
16 41
48 53
22 29
79 100
28 48
3 66
56 86
41 73
80 91
4 24
32 84
40 72
1 22
60 67
37 41
39 67
3 80
27 99
20 88
4 70
75 84
26 80
73 84
8 11
67 79
20 27
12 19
39 71
56 83
22 62
8 28
2 93
21 75
20 25
75 88
39 59
64 76
17 90
49 73
22 40
21 66
32 57
28 66
8 79
27 97
11 56
59 98
58 76
24 99
22 80
26 39
63 86
61 63
48 67
29 30
56 61
45 65
6 60
29 95
2 74
18 87
1 97
1 62
30 87
10 14
1 80
38 57
31 88
46 82
8 83
69 80
87 89
10 87
17 88
43 89
38 53
17 96
54 63
25 83
62 76
25 39
74 83
36 68
37 52
16 91
51 60
33 77
17 75
29 58
19 55
67 90
16 39
1 74
56 58
41 63
14 90
18 44
36 92
45 83
24 55
24 63
5 69
12 51
52 64
6 95
78 86
68 94
45 84
50 92
77 84
14 86
68 81
39 60
52 67
68 87
1 53
71 78
45 88
11 77
20 97
13 83
55 100
1 38
50 83
34 51
36 90
56 81
87 90
12 30
33 57
73 85
53 85
43 47
37 59
21 81
49 58
61 64
65 96
12 15
50 97
14 95
49 67
7 84
29 40
26 60
13 41
16 97
5 20
34 77
22 81
22 75
9 95
46 67
48 77
27 74
84 100
27 40
47 76
41 86
23 29
58 91
1 41
78 100
14 39
34 64
63 97
17 89
36 70
5 30
45 86
40 94
11 16
34 80
41 42
59 71
1 37
43 100
12 82
10 92
10 93
70 75
33 87
42 75
49 66
39 99
29 59
39 43
2 24
28 31
13 18
59 81
37 42
23 38
18 67
25 71
50 98
33 47
9 67
15 48
19 33
35 48
29 61
13 79
11 100
8 30
3 25
27 94
27 53
39 42
9 33
68 85
38 50
6 68
9 23
47 77
32 65
50 90
13 46
6 67
8 91
70 89
39 57
4 90
14 22
15 43
7 91
40 56
53 72
6 48
72 84
18 28
9 56
33 91
63 85
3 86
11 24
10 82
18 24
3 97
34 59
11 53
57 80
31 63
1 7
16 43
28 44
16 77
73 79
40 73
30 33
1 94
80 94
19 47
31 62
8 43
68 77
54 83
54 98
48 96
61 68
4 78
66 70
70 97
16 40
7 61
40 82
12 83
44 45
15 90
57 82
60 88
38 59
12 97
4 10
6 21
58 75
4 7
39 81
41 55
51 68
7 66
82 90
2 18
9 59
9 58
83 87
9 60
69 79
14 100
3 27
28 42
37 85
20 34
23 94
17 23
15 23
70 93
2 30
39 72
44 78
15 97
46 69
55 61
18 61
2 90
1 83
38 90
53 69
62 78
23 24
56 67
43 97
70 73
34 73
67 91
13 80
78 94
14 85
92 93
2 26
62 67
24 69
37 97
82 100
13 92
66 83
72 100
27 45
52 65
11 97
28 50
50 52
15 30
92 99
48 94
34 44
2 5
1 8
38 42
12 87
40 84
27 28
34 39
91 99
4 38
22 52
61 99
54 90
45 62
21 98
28 77
31 70
25 86
8 56
24 86
4 11
5 9
38 93
48 73
31 58
13 77
58 88
32 70
34 87
12 40
64 68
32 76
64 88
15 35
74 91
27 34
11 42
32 60
51 77
67 76
20 23
91 94
56 85
85 99
58 85
22 92
57 97
29 70
20 99
7 36
14 60
69 83
3 50
88 94
20 35
5 7
4 49
10 73
81 97
46 88
57 83
23 41
20 79
21 95
72 93
37 51
13 32
12 62
19 56
11 49
5 63
77 79
66 78
39 51
76 80
23 85
4 29
50 86
78 83
28 71
15 53
38 83
14 38
31 72
5 55
67 86
5 98
15 57
96 97
32 91
11 65
24 87
50 80
71 89
38 76
75 86
93 100
36 40
28 94
2 4
16 55
34 70
38 81
31 38
86 92
31 74
12 39
65 85
30 43
51 100
65 94
8 80
11 12
15 71
63 70
71 92
30 74
40 58
34 47
49 50
50 60
30 52
28 36
44 88
8 95
3 73
41 85
67 74
27 72
16 71
58 70
20 24
6 59
25 42
14 89
33 78
17 51
24 51
10 56
24 94
69 82
7 97
4 21
31 76
14 94
33 41
11 27
7 39
66 77
64 70
41 50
91 98
8 44
84 90
3 19
8 26
37 86
51 76
44 57
11 37
46 80
10 100
52 74
7 58
7 73
60 94
20 71
64 99
48 62
42 83
57 90
12 56
61 66
35 85
20 74
69 81
27 86
10 12
15 87
76 83
22 32
7 24
23 35
26 31
37 50
88 100
66 82
16 59
6 46
29 48
22 70
3 51
95 96
43 78
11 71
49 84
5 58
10 68
53 70
23 58
42 60
96 98
17 54
51 85
11 51
5 46
22 97
6 90
3 41
47 74
8 24
45 69
7 12
62 98
25 46
16 96
8 51
31 87
10 11
17 29
40 43
8 49
40 66
4 93
65 91
6 33
76 93
78 92
1 69
58 97
75 82
41 52
2 48
6 87
54 77
62 85
2 54
6 65
54 71
55 80
20 33
51 73
53 63
53 56
27 85
15 76
63 84
5 37
34 84
33 85
13 48
70 92
2 73
17 55
21 67
2 10
1 14
52 62
30 35
64 97
78 81
15 17
1 33
52 54
7 14
43 62
31 43
79 85
47 89
55 95
6 34
4 34
23 43
37 76
82 91
23 77
25 91
53 97
25 37
21 88
42 51
98 99
3 20
29 35
46 61
9 43
53 98
14 79
32 40
33 52
7 99
37 74
50 75
36 97
3 94
7 30
14 23
1 67
1 51
40 64
64 75
2 47
43 69
12 96
11 36
2 86
52 81
34 72
2 81
39 40
11 18
42 61
13 69
77 85
20 48
46 52
32 46
50 93
6 61
6 54
48 72
89 94
91 95
29 47
19 73
12 54
2 19
18 95
31 51
42 53
43 88
11 31
60 91
29 56
59 61
18 23
9 50
6 66
4 73
4 52
4 51
2 20
72 83
16 29
22 54
19 74
10 15
21 77
24 34
30 65
42 67
66 79
49 98
51 80
31 39
34 81
40 51
47 73
29 43
75 92
21 52
32 80
44 46
65 92
84 86
62 70
19 77
21 60
61 77
12 69
17 40
23 83
41 80
31 97
9 79
27 69
47 99
20 94
25 40
5 33
20 95
13 29
8 84
31 64
80 83
2 11
1 34
78 93
60 68
40 79
52 96
5 6
2 99
17 49
33 39
2 66
11 22
48 99
27 67
19 21
5 80
16 75
52 75
40 45
25 65
63 76
3 53
40 71
87 92
3 72
15 84
19 72
11 58
50 95
9 32
1 79
8 18
56 57
62 68
27 39
10 72
69 70
20 42
62 80
30 70
6 32
3 78
9 39
16 23
81 82
10 74
29 88
20 87
18 50
46 85
41 56
46 60
69 76
11 99
7 19
13 64
39 94
24 40
15 37
44 58
42 57
22 94
33 70
32 90
10 86
24 35
90 100
42 68
61 81
10 62
21 87
52 93
19 37
64 95
50 67
9 99
86 94
23 52
62 69
25 89
18 60
23 79
39 76
29 97
41 69
30 72
23 65
7 83
8 33
3 14
60 75
2 14
45 85
26 76
32 59
56 75
5 52
45 99
42 74
47 53
5 8
53 80
50 82
51 58
21 41
33 54
60 79
19 83
38 45
69 88
26 72
4 50
71 83
58 95
46 98
22 25
27 37
52 78
48 71
5 17
12 85
16 20
19 31
25 47
2 62
28 55
31 41
18 35
26 79
50 70
17 50
13 66
24 84
27 75
66 68
36 65
38 82
9 87
42 99
83 97
63 73
48 97
23 44
75 85
27 49
26 96
55 84
45 94
88 99
13 89
48 51
67 75
14 53
61 82
23 96
8 25
71 73
27 100
39 82
4 13
15 42
46 68
6 70
22 43
52 100
9 92
44 66
92 95
59 67
46 76
4 40
12 79
11 69
91 96
30 46
27 61
11 60
53 77
43 64
37 79
15 22
16 17
32 92
23 97
27 47
30 85
6 14
7 80
44 73
10 81
73 97
68 99
31 98
1 13
41 78
3 71
65 75
29 45
1 100
15 58
52 95
46 70
90 97
90 91
68 82
75 94
12 55
30 82
14 78
45 80
74 92
22 98
26 77
1 75
58 63
44 91
36 85
21 91
52 92
18 29
29 62
4 82